1493
0
0
0
1115
0
0
1074
0
1170
1260
1559
0
3202
2313
2403
3899
3889
5082
3968
6221
5021
7278
7228
7116
8989
9782
10739
12109
12478
13648
14966
15291
16472
16618
16783
16740
16775
16773
16336
15854
15564
15630
15201
15295
15103
14997
15170
15353
15501
15778
15955
16044
16503
16783
16738
16917
17352
17807
18261
18149
18400
18616
18439
18247
18179
17840
17442
17901
19483
19392
21348
28175
30412
37639
53667
54470
27229
19300
24882
46756
23560
19213
34597
15659
26509
21936
16142
19277
19400
10912
8249
7880
7521
5201
3232
2786
1204
562
0
52
0
0
0
23
0
0
23
0
36
73
151
0
473
400
455
750
751
893
669
993
701
875
750
631
691
659
616
624
541
547
589
607
579
550
525
569
633
658
645
707
698
737
726
840
872
850
1019
1033
1032
1134
1154
1219
1261
1305
1318
1393
1463
1406
1380
1369
1362
1343
1225
1258
1143
1084
947
918
947
1035
1172
1446
1535
1832
2473
2205
1034
720
994
1625
853
729
1094
559
885
741
564
632
614
381
313
289
287
174
129
94
55
20
0
61
0
0
0
18
0
0
23
0
31
64
130
0
317
301
339
524
522
702
490
683
495
644
518
425
440
483
464
455
432
437
483
447
387
450
425
430
393
472
467
505
504
551
573
672
641
700
776
740
753
841
891
920
944
1069
1158
1117
1241
1172
1292
1271
1229
1180
1240
1198
1082
1014
998
958
1008
1099
1221
1470
1653
1867
2448
2239
1193
858
1048
1773
896
752
1218
600
904
770
660
669
667
444
316
303
294
207
135
102
40
23
0
56
0
0
0
19
0
0
14
0
27
48
103
0
254
211
229
363
391
499
355
474
361
456
380
329
359
371
357
382
318
338
334
384
367
370
378
393
373
412
403
425
426
443
512
542
572
618
666
645
702
739
758
823
925
888
1073
1052
1038
1137
1194
1132
1203
1156
1201
1153
1134
1112
1005
958
1035
1169
1285
1646
1787
2096
2657
2418
1243
923
1175
1970
976
863
1409
673
1045
891
709
742
723
435
354
345
352
221
167
129
50
25
0
41
0
0
0
16
0
0
9
0
22
35
61
0
211
152
173
305
299
419
238
386
262
344
310
240
285
281
328
294
276
242
293
316
296
327
308
366
349
357
362
409
390
407
463
501
498
505
584
583
612
712
650
708
727
822
846
1005
985
1027
1000
1073
1092
1089
1105
1136
1083
1045
986
987
1033
1170
1324
1671
1726
2053
2704
2409
1297
955
1239
2048
1107
950
1447
773
1127
1004
753
824
814
553
403
410
351
252
169
139
65
27
0
42
0
0
0
22
0
0
13
0
14
36
64
0
153
134
141
210
231
303
211
331
201
298
286
206
234
225
285
267
240
238
254
289
300
302
277
293
304
348
369
382
379
388
376
455
455
503
504
493
576
605
591
681
753
749
827
837
991
1059
960
1054
1114
1035
1085
1099
1067
1097
1003
1008
1073
1216
1311
1688
1747
2182
2810
2484
1311
1023
1294
2160
1109
992
1571
802
1174
1033
743
834
832
602
432
433
396
264
187
125
63
31
0
30
0
0
0
15
0
0
12
0
15
28
44
0
119
86
107
186
186
239
152
252
169
246
225
190
206
203
202
225
226
224
269
277
282
267
252
292
280
337
366
413
355
390
412
433
419
445
441
500
555
580
585
674
731
750
815
795
850
930
945
1018
1049
1109
1065
1063
1049
1042
1001
996
1035
1102
1272
1660
1816
2228
2821
2650
1403
1061
1334
2198
1212
1027
1601
869
1305
1074
880
913
872
607
467
430
396
283
182
153
83
35
0
47
0
0
0
12
0
0
14
0
16
24
29
0
105
72
93
144
142
184
112
182
153
205
196
179
162
142
205
227
186
221
240
275
264
277
247
296
248
350
318
389
363
413
378
381
450
476
513
525
518
538
582
666
713
721
790
850
890
914
932
956
1045
1115
1060
1060
1099
1086
1036
1026
1059
1164
1368
1661
1846
2195
2961
2655
1503
1111
1451
2364
1224
1086
1761
848
1356
1174
948
1022
935
660
525
476
441
320
192
144
55
40
0
43
0
0
0
11
0
0
11
0
12
25
37
0
94
71
61
135
130
176
122
176
104
201
174
140
137
137
164
197
167
199
215
206
230
256
229
320
308
353
322
390
343
382
378
452
462
461
459
490
518
544
563
659
672
662
746
789
860
878
943
995
1028
1066
1118
1169
1100
1045
1045
1079
1056
1248
1374
1792
1931
2307
3087
2817
1499
1157
1497
2517
1303
1122
1788
947
1394
1206
953
971
1001
670
547
508
458
344
220
179
82
28
0
37
0
0
0
23
0
0
18
0
10
21
35
0
87
66
66
118
127
153
98
155
120
135
158
120
108
143
147
201
164
179
209
220
206
269
232
274
262
293
347
395
337
389
398
428
473
440
470
480
549
532
578
639
638
715
765
792
886
901
959
1054
1038
1044
1065
1132
1108
1097
1064
1055
1116
1217
1399
1864
2088
2396
3157
2905
1605
1258
1549
2495
1344
1181
1840
976
1516
1272
1039
1098
1069
706
570
551
485
387
221
186
77
54
0
42
0
0
0
16
0
0
8
0
13
17
26
0
67
40
63
96
102
132
73
125
89
140
124
125
112
125
154
184
166
210
192
200
232
249
218
261
271
311
285
372
310
368
394
394
452
478
443
504
522
579
527
582
587
654
753
768
849
910
901
930
966
1063
985
1081
1068
1057
975
1054
1141
1194
1400
1815
1987
2292
3105
2886
1555
1106
1495
2506
1324
1177
1855
959
1419
1305
1041
1077
1024
685
552
558
506
337
201
185
90
31
0
47
0
0
0
17
0
0
8
0
13
23
28
0
72
52
51
75
87
130
82
124
88
123
150
110
103
110
158
163
122
172
200
184
197
230
229
266
253
314
324
365
345
379
402
465
429
455
490
500
537
592
576
610
617
700
724
769
787
833
946
969
1034
975
990
1055
1080
1090
1061
1032
1090
1322
1377
1905
2073
2403
3205
2898
1663
1249
1698
2718
1418
1280
1921
952
1520
1298
1056
1133
1072
694
577
535
505
393
231
182
104
58
0
48
0
0
0
16
0
0
10
0
7
17
25
0
66
49
45
76
89
100
74
112
76
114
120
106
105
107
141
181
159
150
196
230
207
209
234
263
270
311
312
390
310
369
412
424
461
486
480
490
512
561
561
627
625
684
698
782
801
842
878
899
1011
1004
940
1017
1049
1128
1136
1047
1129
1211
1392
1861
2071
2511
3118
2982
1629
1315
1612
2640
1471
1273
1952
1022
1498
1363
1171
1097
1157
764
612
553
545
364
262
183
81
44
0
50
0
0
0
13
0
0
16
0
15
18
30
0
70
36
40
84
83
99
61
101
65
117
122
131
109
114
151
180
146
173
175
206
201
224
236
220
252
297
309
393
334
355
407
450
477
449
468
475
535
591
566
609
665
656
738
759
814
859
933
962
1076
1102
1032
1127
1152
1084
1035
1069
1109
1253
1388
1988
2108
2451
3260
2995
1652
1298
1690
2733
1450
1323
2012
1015
1590
1377
1176
1190
1084
788
607
602
606
375
244
197
96
48
0
52
0
0
0
22
0
0
20
0
16
15
23
0
61
46
50
81
77
93
41
87
76
95
139
125
103
100
137
140
140
175
193
206
208
245
221
264
219
305
313
370
346
383
395
470
436
453
481
503
498
559
570
610
657
709
701
743
845
874
977
941
1001
1057
1034
1104
1097
1103
1045
1064
1086
1221
1438
2059
2174
2503
3257
3034
1666
1317
1763
2714
1538
1299
2081
1099
1609
1460
1126
1188
1106
800
610
621
515
393
240
198
86
59
0
54
0
0
0
17
0
0
14
0
17
18
25
0
61
34
28
54
61
81
43
72
48
85
113
86
119
90
126
141
117
145
187
232
200
234
216
254
248
277
304
362
349
383
427
434
452
469
509
562
549
585
577
589
569
674
701
743
812
829
905
934
961
989
1065
1035
1069
1111
1045
1165
1199
1331
1423
2145
2170
2602
3400
3121
1792
1357
1763
2791
1492
1354
2058
1121
1664
1403
1200
1240
1149
808
626
615
556
390
273
198
97
59
0
54
0
0
0
22
0
0
17
0
13
17
23
0
50
38
32
68
61
70
36
81
50
82
107
99
101
123
144
139
125
159
188
207
194
206
219
215
216
303
318
380
389
372
381
436
458
468
507
527
568
562
587
610
662
639
659
760
761
815
877
917
936
963
1004
1013
1034
1052
1031
1081
1131
1298
1405
2158
2186
2575
3262
3173
1727
1230
1722
2737
1487
1312
2079
1074
1667
1439
1123
1289
1162
803
614
582
588
405
247
242
101
46
0
60
0
0
0
15
0
0
11
0
6
11
21
0
43
22
32
52
38
57
37
69
55
94
117
97
107
105
122
149
126
181
184
178
209
206
230
236
230
301
313
359
362
352
385
440
432
441
505
508
512
567
590
581
607
658
725
737
797
824
871
883
921
1021
1018
978
1094
1078
1064
1063
1110
1247
1355
2223
2133
2588
3345
3160
1801
1357
1751
2789
1598
1440
2135
1092
1740
1578
1221
1232
1251
773
649
667
577
387
269
218
99
45
0
57
0
0
0
14
0
0
15
0
10
15
16
0
37
22
33
42
45
44
29
84
59
81
105
98
97
97
159
145
144
166
164
180
209
220
194
221
230
324
308
382
320
344
396
423
432
458
495
538
563
543
563
584
601
671
663
724
814
815
830
848
887
936
992
1027
1022
1038
1065
1089
1082
1154
1406
2147
2159
2481
3321
2968
1713
1265
1734
2785
1481
1345
2082
1177
1647
1484
1182
1287
1189
789
619
613
606
444
296
209
94
44
0
49
0
0
0
23
0
0
12
0
17
7
23
0
45
29
30
57
56
53
35
73
47
100
123
104
103
119
142
169
130
158
189
202
202
213
229
240
217
314
323
363
349
400
423
447
471
437
463
519
542
593
560
614
620
672
712
699
785
802
879
847
896
995
976
1084
1029
1024
1010
988
1110
1186
1349
2272
2243
2427
3154
3076
1692
1285
1785
2830
1436
1392
2015
1137
1673
1474
1200
1232
1190
805
643
677
549
405
296
206
114
40
0
50
0
0
0
20
0
0
11
0
17
18
18
0
40
22
32
62
48
60
40
70
46
87
141
99
118
100
145
158
131
160
184
217
189
210
201
240
240
322
329
369
347
389
383
404
467
462
471
506
519
582
622
583
619
655
689
711
753
818
816
832
877
918
917
1028
996
1017
945
979
1077
1167
1322
2289
2158
2537
3177
2992
1735
1283
1805
2673
1534
1376
2017
1102
1745
1509
1212
1227
1167
792
644
604
599
419
286
214
112
52
0
66
0
0
0
26
0
0
16
0
10
13
14
0
37
22
29
35
45
44
29
66
42
86
116
94
91
104
141
155
117
146
138
168
178
190
214
230
200
276
302
369
349
369
388
436
460
438
470
484
547
536
558
597
599
657
655
698
805
768
830
863
852
890
955
933
970
1002
979
929
998
1050
1214
2246
2118
2367
3019
2666
1617
1165
1580
2557
1500
1280
2010
1089
1601
1425
1142
1210
1173
783
629
690
523
408
251
205
101
57
0
65
0
0
0
25
0
0
16
0
8
13
21
0
40
24
22
41
42
48
25
60
45
86
117
113
104
89
142
150
125
162
177
192
159
213
197
205
212
274
292
367
327
370
392
418
419
433
487
493
521
558
577
570
582
636
654
683
720
713
786
841
803
827
851
925
877
904
888
914
975
1091
1228
2172
2114
2264
2810
2727
1549
1162
1580
2522
1384
1267
1955
1074
1549
1386
1134
1196
1106
735
583
593
576
388
258
177
101
42
0
60
0
0
0
24
0
0
22
0
11
11
17
0
44
26
23
32
32
46
37
49
38
83
118
93
98
108
137
165
125
159
192
202
175
189
189
227
227
253
296
330
340
361
355
412
449
446
444
530
505
518
552
564
576
589
626
641
657
699
762
791
724
818
819
859
865
893
859
904
978
975
1133
2266
2043
2295
2876
2705
1528
1123
1443
2439
1341
1194
1841
1000
1576
1313
1051
1104
1056
810
578
599
527
384
229
239
84
45
0
58
0
0
0
26
0
0
11
0
10
14
14
0
33
15
21
34
25
40
25
59
36
81
109
88
91
84
141
141
105
147
182
158
177
191
200
180
202
260
276
364
311
369
381
420
427
439
482
484
483
519
551
512
557
612
608
660
677
691
717
718
747
767
787
869
836
873
894
866
929
916
1093
2290
1925
2200
2673
2547
1489
1082
1537
2467
1333
1208
1800
993
1558
1316
1083
1137
1078
685
565
596
578
381
258
223
100
39
0
72
0
0
0
31
0
0
18
0
16
9
17
0
36
18
15
41
34
43
29
40
44
74
104
89
70
94
127
136
104
166
172
162
174
188
172
211
186
259
290
331
328
350
374
446
433
448
444
494
513
547
547
547
560
578
598
595
632
682
729
702
739
711
744
780
759
821
798
762
842
920
1013
2205
1907
2034
2503
2377
1380
1027
1396
2205
1292
1095
1676
930
1415
1277
1028
1068
1002
694
564
544
516
343
257
185
75
38
0
60
0
0
0
21
0
0
21
0
11
12
18
0
36
23
22
27
25
39
32
52
54
75
118
95
75
85
126
147
125
153
155
159
150
194
201
186
190
270
263
306
296
357
366
411
430
458
431
496
479
528
486
545
529
545
608
607
649
647
639
680
624
696
715
752
753
803
743
799
850
882
946
2204
1818
1956
2480
2286
1359
1003
1337
2223
1188
1085
1665
910
1339
1186
988
1123
962
733
541
559
515
344
232
195
95
44
0
68
0
0
0
20
0
0
17
0
10
8
13
0
30
16
16
18
27
29
19
35
28
62
89
65
72
78
118
130
85
128
140
160
154
163
152
159
180
246
255
311
298
309
332
395
405
392
425
443
471
483
527
535
535
546
545
535
601
625
606
612
593
638
654
737
657
681
660
688
725
712
807
2114
1632
1887
2129
2156
1213
879
1249
1951
1113
999
1527
890
1249
1040
881
949
907
666
474
557
473
322
221
178
96
40
0
59
0
0
0
23
0
0
8
0
10
10
13
0
36
15
10
21
30
40
33
37
28
74
103
87
67
53
124
124
99
122
134
157
142
185
164
164
182
240
235
304
309
318
344
379
385
389
414
432
443
476
485
478
511
521
500
526
539
571
607
571
630
670
641
654
658
641
664
649
691
676
759
1970
1668
1692
2037
2107
1250
814
1184
1912
1023
966
1438
751
1152
1035
890
882
914
617
433
458
416
295
220
196
79
35
0
70
0
0
0
18
0
0
15
0
16
10
12
0
33
11
19
33
27
32
18
39
26
49
87
75
59
58
104
114
87
126
118
139
133
142
127
165
166
222
228
295
270
290
320
365
374
392
387
442
422
424
459
469
510
487
459
518
522
517
542
543
508
587
573
614
551
605
553
591
601
602
740
1934
1467
1595
1888
1855
1040
701
1089
1660
898
841
1312
716
1068
909
725
864
794
537
444
417
417
294
182
171
67
39
0
60
0
0
0
25
0
0
15
0
4
16
9
0
24
18
25
22
22
32
21
30
41
70
94
62
67
78
116
119
90
110
141
136
129
146
139
175
147
234
244
271
270
289
323
352
357
359
386
415
421
451
443
464
452
508
500
473
516
508
488
550
498
544
515
550
505
565
572
550
583
577
649
1924
1478
1537
1755
1758
1015
694
997
1645
906
834
1268
663
1028
961
757
802
760
550
423
420
422
298
208
150
83
40
0
48
0
0
0
17
0
0
18
0
11
16
18
0
23
19
15
22
20
19
29
36
31
52
60
58
63
60
88
102
86
114
105
136
117
139
116
141
126
188
211
291
230
298
303
327
350
353
375
391
415
446
423
404
447
432
428
453
460
450
464
496
476
477
489
511
469
518
500
523
553
524
592
1771
1297
1417
1609
1587
904
660
950
1569
893
789
1215
657
1020
888
690
751
743
527
422
412
375
301
206
154
62
38
0
52
0
0
0
18
0
0
15
0
12
6
10
0
20
15
9
28
25
28
14
33
33
44
72
47
63
61
102
95
84
105
93
99
97
131
131
142
137
185
216
257
228
281
299
325
335
345
386
375
408
447
406
391
441
424
417
431
416
442
479
444
454
483
449
464
444
442
452
456
509
471
547
1768
1227
1246
1438
1422
842
602
861
1392
753
672
1040
635
873
789
641
729
652
460
410
389
369
237
173
159
74
43
0
53
0
0
0
15
0
0
12
0
12
8
11
0
22
14
5
23
24
26
24
31
34
49
87
56
59
45
82
90
66
96
97
127
98
119
97
124
125
187
182
252
254
238
299
299
309
310
348
383
374
397
414
387
417
425
430
430
416
426
447
432
387
431
433
427
457
414
452
437
426
417
478
1700
1225
1201
1371
1391
783
515
789
1401
706
629
1074
546
871
774
581
694
626
461
380
389
355
268
162
142
64
27
0
47
0
0
0
12
0
0
6
0
9
11
9
0
22
14
12
20
23
28
20
29
22
46
60
61
60
41
82
102
60
94
104
112
100
128
125
123
123
176
198
248
221
250
283
290
301
317
316
373
350
394
383
393
372
386
406
387
420
400
426
417
422
392
367
421
395
391
344
389
454
393
468
1684
1194
1087
1301
1304
760
522
698
1262
666
627
973
513
796
747
591
663
619
454
342
329
320
238
158
132
73
38
0
47
0
0
0
16
0
0
7
0
5
9
5
0
16
12
14
16
14
19
16
29
22
29
68
46
36
42
73
74
45
86
85
107
88
119
109
126
116
176
194
256
221
248
279
298
299
303
327
364
358
422
388
387
388
385
372
379
394
402
404
391
355
400
346
391
362
378
361
385
388
350
407
1616
1063
1066
1181
1261
764
497
725
1196
625
533
945
539
716
700
593
586
594
405
331
319
273
232
171
141
63
29
0
44
0
0
0
15
0
0
11
0
8
6
12
0
21
11
11
24
22
24
19
29
30
37
60
40
53
54
82
99
52
83
87
98
86
105
87
123
121
173
159
237
240
242
260
278
274
282
315
355
321
363
363
375
383
415
368
353
357
361
380
394
344
372
364
381
347
343
332
358
403
345
354
1579
1049
1009
1169
1277
670
448
721
1154
636
608
905
501
754
695
557
595
633
430
303
334
325
234
143
143
72
46
0
50
0
0
0
12
0
0
7
0
5
9
11
0
24
15
12
23
29
20
15
24
12
40
58
34
36
32
64
75
42
74
99
89
85
96
87
104
96
167
178
234
234
231
250
284
274
277
299
334
337
367
343
355
355
346
363
347
348
387
355
382
356
366
304
342
332
325
332
325
361
323
395
1558
983
971
1123
1200
688
496
676
1186
615
524
861
470
751
662
575
574
619
372
313
322
310
224
177
147
58
31
0
46
0
0
0
13
0
0
8
0
8
3
7
0
20
11
12
24
24
16
15
27
19
37
41
30
32
37
64
61
46
75
69
88
74
88
82
103
100
148
154
215
209
231
227
269
275
263
327
299
304
341
324
349
367
365
344
346
339
356
356
364
361
348
291
335
294
313
273
306
320
264
333
1490
934
844
999
986
571
373
605
993
559
477
775
391
644
549
486
538
520
364
305
272
268
198
129
127
67
29
0
43
0
0
0
15
0
0
9
0
6
6
9
0
12
7
10
13
16
24
7
31
18
23
42
39
33
26
59
83
42
59
76
96
73
84
81
87
88
148
169
216
201
202
224
249
248
254
272
307
314
316
337
327
337
336
351
331
331
359
344
351
318
294
270
278
274
314
257
272
292
275
284
1431
913
821
950
972
566
376
604
945
538
456
692
375
654
585
447
543
495
354
295
266
271
204
151
119
60
22
0
41
0
0
0
14
0
0
7
0
4
5
7
0
15
12
9
15
15
20
15
23
11
34
43
33
32
42
55
64
39
64
63
85
67
90
74
84
81
139
137
217
187
214
236
238
235
249
275
300
299
308
322
305
309
317
303
311
304
327
324
330
326
301
268
276
272
287
266
276
275
252
250
1339
906
788
897
953
565
375
517
930
512
431
750
355
588
552
477
522
494
341
246
255
268
188
126
106
71
41
0
39
0
0
0
16
0
0
8
0
2
7
4
0
10
7
12
19
11
16
18
17
16
22
39
19
31
31
61
62
47
63
71
75
56
75
81
98
85
144
138
211
177
192
222
222
212
235
248
268
286
289
273
263
292
302
281
289
314
295
306
285
261
255
223
251
231
282
235
234
269
222
267
1162
744
767
857
907
536
351
541
922
506
438
742
414
553
535
454
537
556
372
283
295
306
216
156
114
53
33
0
43
0
0
0
14
0
0
7
0
4
6
3
0
19
13
9
19
15
17
12
28
11
26
42
27
31
41
61
63
49
50
77
74
61
66
72
89
67
133
153
206
162
180
213
243
219
196
221
253
256
243
232
237
270
278
258
252
244
297
295
249
248
243
243
226
247
238
243
230
250
244
299
966
669
687
884
912
547
357
536
945
541
466
766
419
651
644
484
549
551
378
292
286
295
210
167
139
56
39
0
39
0
0
0
11
0
0
8
0
6
6
5
0
9
7
4
17
16
14
19
15
15
29
35
21
26
27
44
52
38
49
67
65
53
64
67
86
84
143
133
182
159
196
191
196
194
183
198
224
214
211
216
204
207
235
213
243
259
244
258
268
244
243
216
222
229
227
244
217
274
232
292
844
646
730
929
916
601
446
572
1075
560
489
823
451
712
618
502
606
525
422
304
338
312
216
136
168
81
44
0
37
0
0
0
10
0
0
5
0
4
7
7
0
14
10
6
17
18
20
17
21
12
30
34
29
38
34
49
46
44
58
61
74
59
68
59
83
71
118
116
147
144
157
158
162
148
169
202
186
186
184
170
189
182
222
188
215
225
207
226
243
224
220
211
180
217
230
200
226
235
222
270
728
623
623
843
844
540
333
507
851
497
421
682
400
569
522
444
483
503
368
284
282
287
221
145
151
87
46
0
43
0
0
0
18
0
0
10
0
12
3
9
0
15
9
12
20
17
21
13
19
12
28
38
28
33
29
50
47
35
39
53
58
58
63
61
67
86
104
113
140
133
132
154
165
153
156
165
171
164
184
176
168
160
181
168
189
216
184
240
246
234
210
219
247
199
213
222
208
237
225
274
739
582
666
814
883
505
337
539
915
521
429
724
434
646
560
470
535
481
390
302
292
312
220
172
160
74
48
0
37
0
0
0
22
0
0
12
0
9
6
10
0
22
11
16
21
21
18
10
22
11
34
33
29
35
32
41
47
47
48
56
64
60
65
64
83
63
98
110
155
139
167
142
146
149
131
158
146
155
156
148
146
142
170
155
181
186
192
226
202
230
214
199
212
227
224
192
203
215
214
254
662
542
613
780
863
505
376
509
901
500
430
745
379
641
585
481
507
520
394
287
329
323
243
168
136
109
47
0
39
0
0
0
20
0
0
13
0
6
4
11
0
18
9
5
21
12
23
19
19
20
26
23
27
31
31
47
41
41
44
57
57
54
51
60
66
58
97
87
130
122
116
127
132
126
132
146
128
130
162
130
126
120
155
131
150
161
155
197
189
190
218
171
190
171
185
178
178
196
197
245
595
479
538
730
796
446
327
446
778
464
402
658
370
562
470
427
485
504
343
305
289
257
213
126
136
64
34
0
31
0
0
0
12
0
0
10
0
6
12
7
0
17
11
14
22
17
31
21
26
13
25
22
19
38
34
46
44
38
41
53
55
51
49
58
67
55
87
99
117
91
103
106
119
120
114
113
116
139
137
124
123
119
144
113
146
143
157
196
198
207
195
197
200
197
205
177
189
222
198
236
538
485
510
719
746
448
322
439
771
432
418
623
319
570
454
434
458
492
353
273
290
301
221
165
131
75
42
0
41
0
0
0
12
0
0
11
0
11
6
11
0
25
10
9
15
17
17
15
24
16
31
32
29
27
33
43
34
38
43
50
61
50
63
58
63
58
86
71
110
95
107
104
112
121
102
131
106
133
133
119
125
139
143
127
113
135
146
159
179
188
215
185
187
153
170
180
175
172
202
227
571
472
509
656
705
425
303
433
768
413
374
657
339
565
470
423
465
463
329
215
246
315
223
141
149
68
48
0
31
0
0
0
9
0
0
9
0
12
4
11
0
18
13
12
16
11
22
8
16
13
24
22
14
24
19
37
28
40
39
40
56
38
57
57
70
52
74
94
97
104
109
103
98
114
120
120
128
130
134
93
134
128
153
149
118
121
146
165
184
174
186
175
180
175
167
176
206
194
165
197
554
435
486
663
707
387
310
429
703
424
379
665
347
516
505
412
457
462
355
282
300
259
205
154
125
74
39
0
28
0
0
0
9
0
0
11
0
4
6
6
0
15
6
11
18
16
23
13
20
9
23
26
20
21
22
37
28
48
54
56
59
63
58
54
66
60
75
83
96
85
108
117
117
112
121
129
118
136
139
109
117
124
150
131
129
126
110
154
150
169
160
177
183
181
150
155
156
167
162
184
533
410
442
559
672
358
294
364
645
380
332
584
301
500
407
331
410
400
319
256
250
249
186
147
163
53
31
0
24
0
0
0
15
0
0
11
0
4
5
10
0
20
10
14
19
15
26
14
25
18
34
38
36
50
38
54
55
45
64
65
69
64
81
74
76
69
96
87
119
126
127
122
125
120
132
126
118
139
147
139
127
135
161
151
139
134
122
151
161
154
189
160
178
185
185
154
166
179
147
200
540
473
458
582
694
406
268
395
706
362
345
626
330
523
471
401
448
454
325
280
266
282
250
148
150
98
34
0
39
0
0
0
18
0
0
17
0
3
9
6
0
15
12
15
14
17
19
14
35
23
36
25
25
28
44
60
50
56
46
53
72
71
59
62
73
62
93
81
116
118
122
116
120
123
148
136
121
138
151
127
133
127
145
114
123
123
130
131
137
146
164
186
174
178
163
139
177
198
152
200
557
434
452
585
643
376
285
393
678
404
360
574
322
553
502
379
446
451
314
273
266
277
221
167
132
72
44
0
37
0
0
0
16
0
0
10
0
14
8
7
0
16
13
11
19
16
20
18
20
11
24
22
31
32
33
40
44
37
40
66
77
58
68
67
91
72
94
92
102
119
114
110
122
136
147
125
112
131
156
122
135
121
167
108
133
129
121
134
135
131
172
162
187
164
162
165
170
191
200
217
523
429
465
597
703
418
303
413
736
453
418
668
352
564
546
439
489
507
364
294
304
326
249
174
179
105
41
0
37
0
0
0
20
0
0
14
0
12
4
8
0
25
16
17
16
14
23
20
30
28
42
38
32
30
42
58
39
47
42
66
65
62
72
71
76
74
92
104
112
116
107
124
118
127
122
137
127
134
141
120
110
131
168
113
130
146
125
136
155
134
169
162
199
170
192
182
197
210
198
237
548
437
502
705
753
447
338
460
752
500
414
699
403
637
571
502
561
572
426
299
360
334
284
184
155
95
38
0
35
0
0
0
10
0
0
11
0
15
8
9
0
14
9
19
26
23
18
18
27
26
39
22
28
30
27
38
32
46
47
55
64
59
64
48
77
73
96
94
113
121
128
124
127
120
130
154
112
115
144
125
106
113
151
119
123
132
156
150
155
153
153
156
187
199
195
174
217
205
229
235
502
436
499
733
758
443
336
488
825
504
455
717
447
716
587
514
589
530
449
343
330
332
270
192
174
86
45
0
36
0
0
0
21
0
0
12
0
6
4
9
0
18
14
8
20
11
16
22
32
17
34
23
22
23
25
35
37
32
39
47
53
53
58
50
60
60
85
86
106
100
116
114
103
106
133
120
95
107
128
108
103
121
134
97
125
111
133
139
149
132
133
133
148
137
152
140
163
163
162
174
456
394
357
623
597
382
280
385
632
392
338
657
332
514
482
433
488
523
354
308
316
305
261
167
150
81
38
0
33
0
0
0
16
0
0
9
0
4
8
8
0
17
9
7
13
14
14
16
33
15
29
30
36
36
41
52
38
49
50
47
60
61
61
67
66
59
99
96
109
111
115
120
120
121
120
125
104
121
141
111
93
100
136
93
105
118
104
108
102
119
127
107
108
149
139
118
122
145
124
158
398
286
318
449
498
312
217
299
522
307
284
464
286
443
369
326
398
395
285
244
250
245
210
136
141
70
31
0
29
0
0
0
22
0
0
10
0
12
8
12
0
16
12
14
21
11
18
16
31
30
39
26
28
29
43
54
44
44
47
52
53
52
62
55
72
57
86
97
92
110
108
110
113
96
119
104
97
132
131
99
83
97
121
87
87
121
87
109
107
109
122
105
101
113
122
111
136
137
135
140
354
301
274
392
471
257
197
274
462
300
302
428
283
412
380
302
357
333
270
204
234
240
163
125
126
73
34
1
32
0
0
0
19
0
0
17
0
8
7
7
0
16
14
6
17
17
14
14
18
25
22
21
26
19
27
32
28
43
49
50
53
56
51
45
69
65
82
66
113
106
84
99
114
106
114
110
89
115
122
80
90
70
108
91
100
98
102
120
112
104
111
114
110
109
121
106
144
124
139
161
330
293
300
395
479
277
205
315
490
295
279
498
235
433
391
299
369
383
298
212
222
238
170
124
123
86
44
0
38
0
0
0
24
0
0
15
0
12
12
12
0
16
17
12
23
14
16
13
23
16
23
15
27
30
32
31
36
31
50
45
47
53
57
56
65
44
81
104
93
85
95
93
106
102
92
94
83
104
112
84
92
81
102
97
102
107
114
115
127
120
131
128
120
122
115
123
147
148
130
172
304
284
301
452
508
295
261
288
564
316
299
555
266
465
399
362
373
424
301
240
246
255
221
142
123
74
33
0
38
0
0
0
22
0
0
18
0
12
10
8
0
22
17
13
18
11
14
12
25
14
23
21
23
20
30
27
38
33
38
47
56
47
51
50
63
46
80
78
80
71
84
90
97
82
98
92
68
90
97
79
69
59
84
73
73
85
81
94
80
69
104
72
74
77
84
89
96
112
119
136
262
231
242
339
434
239
172
200
418
259
228
406
237
372
372
293
298
312
253
204
228
201
170
124
124
60
29
0
38
0
0
0
20
0
0
17
0
13
7
12
0
19
15
13
23
12
22
17
27
19
32
18
22
22
33
36
34
36
43
43
53
50
52
54
55
57
70
70
91
86
94
95
108
100
85
94
63
82
97
80
73
73
87
70
86
86
96
99
109
103
130
130
107
112
111
108
102
120
147
170
266
206
275
395
429
266
217
267
509
278
264
492
277
432
403
321
383
360
287
252
249
233
216
156
131
72
56
0
36
0
0
0
23
0
0
14
0
12
12
12
0
26
16
14
21
22
25
16
24
17
38
18
25
21
30
37
37
35
39
40
45
50
46
54
59
50
85
78
86
91
99
93
94
82
113
89
63
81
93
74
71
76
85
52
58
83
95
107
104
127
125
99
104
88
107
84
96
98
135
153
205
198
226
351
393
219
210
225
448
283
237
410
218
372
342
296
306
338
265
197
215
196
165
115
115
64
24
0
31
0
0
0
18
0
0
19
0
11
10
12
0
21
17
13
22
14
21
23
22
14
33
22
18
28
29
34
30
34
41
32
45
52
45
50
51
49
67
66
84
75
75
80
80
77
82
88
72
80
84
71
68
64
81
68
64
74
67
87
92
106
123
98
83
66
74
83
88
99
98
117
188
164
213
305
309
175
153
195
386
217
212
340
193
303
314
234
266
297
254
190
214
193
144
91
94
55
23
0
38
0
0
0
25
0
0
14
0
16
13
12
0
27
15
19
20
19
23
19
27
16
31
41
33
36
32
40
34
44
43
49
48
49
61
48
66
59
75
69
94
99
87
108
97
88
103
102
69
85
101
83
77
60
74
54
64
60
74
86
112
103
134
115
131
85
84
89
97
116
129
133
167
210
240
360
402
262
207
251
414
258
217
396
236
374
335
269
318
314
234
182
219
211
144
132
113
63
32
0
36
0
0
0
22
0
0
18
0
15
10
14
0
24
21
24
24
22
20
21
39
17
31
23
31
34
40
48
41
37
47
54
53
60
72
62
61
58
74
71
83
82
88
78
106
91
90
94
65
91
89
63
72
60
88
59
56
72
65
98
92
122
137
98
117
107
80
93
93
107
123
138
184
170
243
351
348
248
174
233
483
265
241
394
238
359
354
296
335
329
256
208
207
230
166
146
116
52
36
0
34
0
0
0
22
0
0
20
0
13
11
10
0
20
14
12
23
16
14
22
21
15
25
21
29
29
28
34
44
45
42
51
60
52
57
58
54
54
74
77
85
97
86
95
94
88
94
99
75
90
86
63
67
58
84
50
46
68
57
82
97
118
139
132
123
108
102
101
117
101
132
155
196
184
241
381
381
244
204
253
417
268
289
407
220
376
347
308
309
344
260
221
205
231
193
130
109
65
30
0
35
0
0
0
26
0
0
22
0
15
19
15
0
25
21
18
31
23
31
27
45
31
39
39
31
44
46
73
51
55
52
60
75
80
76
78
83
86
92
78
91
110
109
106
106
112
114
102
81
100
113
73
72
71
121
77
58
88
72
103
107
103
130
155
152
131
116
140
123
144
164
155
225
243
283
446
486
288
185
263
537
299
273
467
258
421
408
340
337
411
293
264
257
243
213
133
126
93
29
0
34
0
0
0
18
0
0
22
0
9
11
15
0
19
16
15
22
13
22
22
29
18
35
24
35
30
37
49
36
43
51
44
72
69
57
44
50
54
69
77
94
93
71
91
110
79
101
109
80
97
98
72
76
67
84
50
67
66
56
72
95
107
132
156
137
110
100
100
121
125
128
145
201
184
242
373
391
236
184
259
463
282
285
437
253
378
412
301
362
354
275
260
258
242
180
126
112
71
31
0
35
0
0
0
27
0
0
20
0
18
13
14
0
29
19
19
29
23
26
16
30
25
33
25
31
39
37
39
39
55
55
64
58
74
69
76
80
64
84
70
79
81
89
85
103
86
104
105
82
99
103
70
71
63
83
73
68
66
57
83
94
109
123
140
156
133
117
141
127
135
137
155
202
200
272
378
387
251
179
238
476
322
240
428
218
414
373
305
341
382
299
264
280
237
200
149
123
65
48
0
38
0
0
0
22
0
0
25
0
16
13
17
0
27
21
21
27
25
23
22
29
22
37
26
39
39
42
52
48
55
69
71
81
63
78
69
81
78
95
101
99
114
110
115
113
111
116
112
94
89
104
77
101
87
99
82
78
87
68
97
85
112
153
141
188
164
142
153
151
176
191
170
206
238
282
471
455
249
224
299
544
338
255
487
281
488
368
334
362
395
310
247
288
247
169
140
132
86
35
0
33
0
0
0
32
0
0
27
0
10
12
15
0
29
20
17
24
24
29
20
34
26
36
24
31
39
41
49
41
48
56
64
73
57
66
62
94
87
100
87
89
97
107
113
106
114
107
109
94
90
129
89
88
93
108
75
88
103
79
86
86
91
148
161
174
158
165
175
155
190
190
203
243
280
351
499
541
318
272
330
562
345
310
575
300
528
445
383
412
439
342
254
274
225
192
168
138
77
39
0
40
0
0
0
21
0
0
18
0
16
9
16
0
29
14
20
22
26
23
20
25
16
39
33
32
30
42
45
49
51
49
52
51
59
61
59
61
74
79
83
73
80
98
98
89
111
105
97
81
72
83
79
80
58
88
77
71
88
86
93
82
90
86
117
164
143
142
148
155
149
155
165
214
219
278
424
450
270
190
265
486
321
287
430
271
446
429
355
406
363
284
255
243
258
185
115
108
89
41
0
28
0
0
0
22
0
0
17
0
12
9
6
0
20
12
16
18
22
25
16
27
23
42
27
30
32
40
50
47
46
42
62
63
53
75
72
74
65
80
83
93
100
115
92
89
96
118
111
86
92
100
60
98
65
96
63
76
88
73
85
74
94
99
134
137
147
148
123
128
124
133
136
202
235
243
383
405
226
189
242
394
239
227
394
245
367
313
255
301
326
243
205
228
196
151
124
104
47
28
0
28
0
0
0
21
0
0
21
0
17
8
13
0
29
11
15
18
16
20
20
24
19
29
23
30
33
44
44
38
34
39
53
54
61
54
50
66
55
68
75
82
78
76
95
83
87
82
92
82
89
92
62
67
84
84
67
64
69
61
80
64
80
86
119
126
143
167
134
146
139
145
153
198
217
268
379
439
225
191
216
446
263
223
389
225
334
335
253
261
290
259
207
192
200
141
129
108
57
40
0
35
0
0
0
21
0
0
17
0
11
8
8
0
18
19
15
23
16
20
18
30
16
32
21
19
24
28
33
29
36
36
61
45
46
46
49
68
51
77
78
67
76
67
83
85
99
92
95
84
83
92
60
70
76
90
56
76
63
65
94
63
73
88
93
121
130
179
162
143
136
152
159
168
189
251
384
391
264
208
261
434
267
269
401
250
377
342
295
340
304
279
221
226
232
171
144
101
70
32
0
33
0
0
0
21
0
0
17
0
16
16
19
0
16
18
18
21
22
19
18
22
16
23
25
25
30
30
42
30
37
40
51
53
54
48
63
66
52
75
73
84
89
88
90
83
93
88
88
82
86
84
61
66
68
96
54
62
63
63
70
48
77
69
93
98
141
142
141
128
139
145
138
165
179
269
391
387
233
178
213
384
260
228
403
231
369
314
270
347
345
236
229
215
219
182
132
85
65
25
0
33
0
0
0
20
0
0
22
0
12
24
10
0
26
18
16
18
18
21
16
22
15
28
23
24
27
31
35
33
36
38
47
55
51
52
50
64
47
70
74
62
74
87
80
90
86
89
104
65
87
97
58
75
59
96
59
66
75
68
79
78
69
65
52
97
100
147
133
147
147
146
133
157
177
260
347
347
227
171
221
410
256
206
395
211
350
311
244
279
276
246
218
196
184
166
97
101
74
22
0
38
0
0
0
20
0
0
16
0
17
14
15
0
24
14
11
24
13
19
11
22
9
15
25
25
22
34
39
34
35
40
52
41
51
50
55
63
61
67
82
78
86
79
95
92
87
80
101
75
77
75
80
86
73
94
72
66
76
78
87
77
94
77
99
96
105
140
139
180
181
181
179
204
213
263
428
437
259
188
246
482
298
252
441
255
396
350
291
359
362
297
240
251
206
177
141
117
61
33
0
36
0
0
0
27
0
0
19
0
13
23
19
0
31
26
16
27
25
25
22
32
19
39
27
28
31
41
56
36
43
48
59
71
64
71
65
75
53
95
93
104
103
102
100
107
108
109
119
106
107
107
94
106
80
118
96
87
113
93
120
104
103
116
111
141
139
170
189
202
201
209
225
257
301
399
617
631
357
264
354
638
419
356
626
343
512
513
379
409
494
353
299
304
285
235
161
127
86
31
0
24
0
0
0
17
0
0
11
0
6
12
11
0
18
12
18
19
19
18
20
26
17
24
23
24
21
25
34
30
42
37
32
53
47
50
49
74
56
70
71
71
85
75
78
78
82
92
95
63
64
77
56
82
60
90
88
75
87
75
96
94
89
103
95
85
103
140
183
202
196
200
183
203
236
365
543
563
291
237
316
541
367
296
494
291
434
399
299
384
370
275
247
232
221
180
127
122
66
28
0
20
0
0
0
10
0
0
6
0
3
1
2
0
6
3
7
7
3
5
3
4
3
7
5
6
7
7
15
6
18
8
7
15
18
17
19
25
17
29
25
27
27
28
29
28
29
27
40
22
31
34
24
20
19
35
18
23
19
26
29
25
32
30
25
35
29
37
50
46
53
45
50
50
71
98
145
133
87
56
75
156
97
68
125
75
100
99
92
119
107
91
79
77
60
63
39
34
13
7
0
8
0
0
0
5
0
0
2
0
3
2
3
0
3
3
1
3
1
3
2
2
1
7
4
4
3
9
9
5
6
6
11
13
8
18
11
18
17
21
18
18
22
25
21
15
33
22
32
26
21
32
23
22
21
37
21
22
30
17
21
21
31
49
19
28
26
24
37
48
33
46
78
41
63
80
114
133
95
67
82
138
75
61
136
76
102
111
107
99
104
101
67
83
63
55
39
45
13
13
0
9
0
0
0
4
0
0
3
0
2
2
1
0
2
2
4
1
2
5
3
5
5
6
2
3
2
5
10
5
10
7
11
14
6
11
11
11
8
25
18
15
18
27
24
21
23
15
29
19
21
22
23
18
18
35
16
19
23
17
29
23
29
30
20
24
34
25
23
27
27
41
28
47
48
53
83
88
44
42
48
93
58
48
76
48
84
83
59
69
81
64
55
43
51
39
29
27
18
6
0
10
0
0
0
5
0
0
4
0
3
4
2
0
7
4
4
5
2
1
4
5
2
4
7
5
5
7
9
10
8
8
13
15
17
14
14
19
13
25
17
15
13
21
19
23
25
25
26
18
22
25
21
21
14
26
17
17
26
20
24
27
20
37
21
28
24
25
21
21
20
38
31
43
44
46
76
86
51
42
56
86
48
54
70
45
66
73
62
69
73
58
44
53
51
39
36
26
13
8
0
8
0
0
0
5
0
0
6
0
3
3
2
0
6
1
2
8
4
4
3
7
3
5
7
4
8
6
13
9
11
8
11
9
11
9
13
18
17
23
19
21
22
20
23
26
30
16
17
20
19
27
24
16
22
34
21
17
28
19
28
19
25
31
38
31
25
36
29
37
52
56
71
62
53
81
124
129
78
57
81
133
79
78
112
79
127
96
108
84
91
85
76
77
63
66
35
48
18
9
0
13
0
0
0
8
0
0
5
0
6
4
3
0
4
4
4
8
5
7
5
6
5
6
5
6
9
7
14
10
10
13
14
19
14
18
12
21
18
23
24
19
24
34
28
24
26
24
30
26
24
25
23
29
26
37
26
24
31
21
27
29
19
22
27
38
32
34
25
33
39
48
60
69
63
80
117
135
77
66
71
139
79
87
139
71
123
110
90
107
121
85
83
71
84
62
53
36
23
10
0
13
0
0
0
7
0
0
5
0
3
4
2
0
3
3
4
5
3
9
3
8
5
5
4
8
7
6
11
6
10
9
14
18
21
22
11
16
11
29
22
19
23
29
25
24
29
25
28
30
31
25
26
25
16
32
21
35
27
32
37
29
31
39
30
32
31
35
35
36
51
37
59
86
82
91
131
153
82
65
101
153
87
79
164
80
123
125
86
102
132
91
81
81
75
61
39
33
26
12
0
10
0
0
0
6
0
0
3
0
2
2
2
0
3
1
2
3
3
4
2
4
2
3
6
3
2
4
7
5
7
3
8
11
3
7
4
14
7
15
14
12
17
18
15
24
24
20
23
16
17
21
17
22
16
26
16
15
20
18
19
24
24
25
24
30
22
30
17
14
31
26
39
34
42
46
71
80
63
34
62
88
33
36
94
47
77
68
46
61
80
44
49
52
49
32
18
26
11
10
0
9
0
0
0
5
0
0
4
0
1
1
2
0
2
1
1
3
3
1
2
2
1
3
2
4
1
3
5
4
4
3
8
7
6
5
7
13
9
11
11
13
16
15
17
14
22
14
17
14
13
16
10
18
19
27
18
18
18
15
22
24
19
24
21
18
23
28
16
23
18
23
22
35
32
46
72
82
40
41
45
75
45
37
69
43
59
63
51
49
64
44
37
27
42
29
18
16
6
11
0
6
0
0
0
4
0
0
2
0
3
1
2
0
1
1
1
2
1
2
2
3
2
2
3
4
2
4
7
3
7
5
6
7
2
10
2
9
7
11
9
9
17
17
13
12
15
7
14
14
11
16
16
15
17
21
16
21
20
18
26
10
12
14
18
19
13
17
17
18
10
9
17
18
29
16
37
39
11
12
27
47
33
22
24
30
27
41
24
23
22
19
14
16
15
14
7
8
4
0
0
5
0
0
0
2
0
0
0
0
0
0
0
0
0
0
0
0
1
1
0
1
1
0
1
1
1
2
5
2
3
2
4
6
5
5
3
7
2
7
7
7
8
9
8
7
10
3
3
9
5
11
6
8
12
13
5
5
11
9
8
7
8
10
2
8
6
8
3
10
6
1
9
5
4
5
7
5
3
3
4
9
1
3
4
6
11
8
3
4
3
4
1
2
3
5
3
8
2
1
0
5
0
0
0
2
0
0
1
0
0
0
0
0
0
0
0
0
0
1
1
0
1
2
1
2
1
2
3
0
1
0
4
5
2
4
1
7
2
4
6
5
4
10
2
10
8
4
11
4
4
7
9
7
14
9
9
3
6
6
5
4
7
9
10
7
5
5
6
6
4
1
3
0
10
7
9
12
7
9
5
9
9
5
10
3
4
10
10
12
16
12
11
9
8
9
6
1
1
4
0
4
0
0
0
0
0
0
0
0
0
0
0
0
0
0
1
0
0
0
0
0
0
0
0
0
2
1
3
0
0
2
3
4
1
4
1
2
0
3
3
2
3
2
1
4
2
1
2
2
2
5
1
1
2
6
1
2
1
3
5
7
5
4
0
5
2
3
0
3
1
2
0
1
3
6
7
8
2
1
3
6
4
4
9
1
7
4
5
7
6
4
8
5
7
3
4
0
2
0
0
2
0
0
0
0
0
0
0
0
0
0
0
0
0
0
0
0
0
0
0
0
0
0
0
0
0
0
1
1
0
0
3
2
0
2
1
3
0
1
3
2
2
2
1
2
1
1
1
2
1
1
0
0
0
4
1
0
0
1
3
1
0
2
1
2
2
2
4
2
1
2
1
0
0
1
1
1
2
1
1
0
1
1
1
1
0
0
1
0
1
2
0
0
0
0
0
0
0
0
0
1
0
0
0
0
0
0
0
0
0
0
0
0
0
0
0
0
0
0
0
0
0
0
0
0
0
0
1
0
0
0
2
2
0
1
0
1
0
1
1
0
2
0
0
0
1
0
1
0
0
0
1
0
0
3
1
0
0
0
3
0
0
3
0
4
3
1
2
1
1
0
1
2
1
0
1
0
0
2
0
0
0
0
0
1
0
0
0
0
0
0
0
0
0
0
0
0
0
0
0
0
0
0
0
0
0
0
0
0
0
0
0
0
0
0
0
0
0
0
0
0
0
0
0
0
0
0
2
0
0
0
0
1
0
1
0
1
0
0
0
0
0
0
0
0
0
0
0
0
0
0
0
0
0
1
0
0
1
0
3
0
1
0
0
1
0
0
0
0
0
0
0
0
0
1
0
0
0
0
0
0
0
0
0
0
0
0
0
0
1
0
0
0
0
0
0
0
0
0
0
0
0
0
0
0
0
0
0
0
0
0
0
0
0
0
0
0
0
0
0
0
0
0
0
0
0
0
0
0
0
0
0
0
0
0
0
0
0
0
0
0
0
0
0
0
0
0
0
0
0
0
0
0
0
0
0
0
0
0
0
0
0
0
0
0
0
0
0
0
0
0
0
0
0
0
0
0
0
0
0
0
0
0
0
0
0
0
0
0
0
0
0
0
0
0
0
0
0
0
0