3458
0
0
0
1393
0
0
1301
0
1395
1616
2211
0
5180
3656
3947
7175
7132
9366
6304
10651
7674
11453
11422
9918
12525
13095
14421
15889
15175
16546
18059
18062
18482
18802
18416
18356
18058
19553
18400
19769
17888
18723
17675
17863
17732
17135
21916
17576
17429
19774
17337
17451
17416
17884
16983
16870
16859
16886
17180
16604
16738
16559
15991
15592
15315
14868
14313
14759
15861
15647
16985
22525
23183
28637
40667
40357
19679
13611
17759
33342
16686
13789
24574
11280
19078
15938
11948
14538
14601
8134
6156
6086
5935
4101
2616
2310
1034
525
0
132
0
0
0
63
0
0
50
0
77
149
310
0
1050
804
900
1803
1742
2141
1247
2075
1210
1525
1214
937
1049
923
835
818
679
641
692
698
650
625
597
642
678
767
723
830
766
823
821
956
972
933
1227
1115
1116
1260
1241
1323
1347
1387
1425
1473
1523
1485
1450
1399
1416
1392
1246
1308
1185
1123
979
945
987
1073
1227
1451
1547
1851
2499
2220
1017
727
983
1627
844
718
1106
552
873
734
559
619
611
378
309
289
285
173
128
93
55
19
0
126
0
0
0
22
0
0
32
0
43
98
191
0
562
419
486
910
886
1171
705
1134
731
982
732
578
615
599
615
564
499
480
551
544
445
508
451
493
432
550
537
625
567
604
630
734
718
748
831
765
802
901
929
925
999
1128
1206
1180
1271
1202
1326
1304
1263
1228
1265
1254
1098
1022
1031
960
1039
1146
1282
1492
1676
1876
2458
2254
1181
854
1037
1771
890
746
1224
599
884
762
664
666
664
440
309
300
289
205
134
101
40
23
0
128
0
0
0
31
0
0
15
0
39
62
126
0
363
273
315
587
585
787
458
688
481
620
531
401
447
452
431
446
365
381
399
469
382
413
380
451
396
465
453
512
490
480
549
595
629
648
700
690
734
770
789
840
956
923
1103
1106
1071
1143
1207
1139
1204
1149
1208
1157
1117
1114
1018
959
1054
1195
1289
1632
1767
2037
2577
2337
1201
906
1130
1902
942
833
1364
661
1007
866
696
716
698
419
344
335
340
217
166
128
49
25
0
128
0
0
0
26
0
0
11
0
29
44
81
0
269
187
226
449
427
580
317
499
340
422
394
298
354
329
362
339
307
270
356
372
311
373
327
374
336
396
409
501
436
440
497
526
543
541
604
613
647
715
655
740
753
843
859
988
991
1042
1024
1068
1102
1097
1080
1130
1092
1038
984
988
1050
1197
1363
1638
1678
1963
2578
2335
1239
937
1189
1944
1075
910
1381
749
1077
952
725
803
787
542
403
398
348
248
167
134
64
27
0
144
0
0
0
35
0
0
15
0
15
44
69
0
197
169
183
304
309
426
268
435
257
379
322
234
274
264
317
323
271
264
317
394
326
360
301
357
309
407
414
470
403
450
404
488
512
516
540
520
583
639
622
685
749
762
834
835
990
1056
957
1069
1102
1028
1084
1104
1057
1080
986
999
1085
1231
1364
1681
1712
2125
2711
2401
1270
989
1248
2080
1079
957
1517
787
1138
1022
721
811
809
587
427
424
382
257
184
125
62
31
0
133
0
0
0
23
0
0
15
0
19
34
52
0
145
104
133
241
233
313
177
315
195
291
266
222
243
208
234
250
246
240
323
386
298
336
266
366
289
349
413
491
390
428
413
476
488
480
478
521
541
596
600
688
727
769
803
792
847
943
944
1006
1025
1101
1051
1032
1032
1023
995
983
1045
1115
1298
1627
1743
2136
2699
2520
1318
1031
1284
2085
1143
980
1538
829
1229
1021
857
883
823
588
450
409
383
279
176
149
81
35
0
174
0
0
0
23
0
0
16
0
16
25
31
0
125
84
112
184
172
222
138
229
170
235
254
173
183
171
236
244
191
230
309
365
265
325
264
396
265
422
417
534
430
450
384
434
529
489
514
554
536
594
587
656
698
709
804
833
892
906
933
952
1043
1087
1047
1043
1087
1060
1026
1019
1052
1150
1370
1652
1821
2090
2835
2532
1430
1069
1405
2216
1162
1032
1664
807
1288
1098
904
988
895
628
518
459
427
316
189
144
55
40
0
188
0
0
0
20
0
0
12
0
15
29
42
0
110
81
71
155
142
209
133
195
112
219
211
153
146
152
202
226
185
221
285
330
241
347
237
391
314
399
416
495
402
461
394
462
542
484
511
523
519
589
589
657
700
679
735
780
872
896
932
987
1023
1046
1115
1150
1066
1020
1020
1059
1080
1232
1365
1726
1879
2210
2931
2645
1410
1101
1416
2344
1237
1075
1687
907
1298
1111
914
910
945
639
526
492
440
331
215
176
78
28
0
196
0
0
0
29
0
0
18
0
10
27
40
0
107
73
83
155
154
178
103
175
125
154
191
130
121
158
200
221
170
188
252
365
222
371
227
349
252
377
403
533
394
443
432
474
534
474
511
519
556
577
581
627
648
730
775
798
896
884
953
1050
1019
1042
1032
1116
1075
1080
1019
1037
1101
1186
1376
1764
1985
2246
2940
2684
1461
1171
1434
2303
1261
1098
1680
902
1402
1194
966
1021
987
662
543
530
465
358
213
178
76
54
0
207
0
0
0
23
0
0
9
0
13
18
26
0
75
49
71
118
118
162
85
150
99
153
161
130
109
143
216
188
157
193
243
347
217
330
235
363
245
383
369
528
371
439
417
484
527
481
501
521
556
607
566
621
599
681
754
757
839
920
906
939
950
1045
970
1064
1047
1048
963
1039
1127
1199
1387
1755
1907
2220
2927
2738
1498
1052
1428
2346
1244
1115
1764
926
1335
1235
996
1018
976
655
521
533
490
326
193
181
90
31
0
198
0
0
0
31
0
0
9
0
14
23
29
0
76
58
60
89
98
147
89
129
93
128
201
120
112
117
214
208
121
207
265
351
210
295
237
379
229
406
423
577
421
495
441
528
539
492
555
550
563
668
591
647
650
723
741
782
796
831
940
964
1028
976
988
1048
1063
1075
1032
1010
1076
1311
1366
1829
1997
2291
3047
2751
1564
1195
1609
2548
1332
1223
1796
912
1415
1226
1001
1076
1020
669
552
523
477
379
225
181
103
58
0
264
0
0
0
26
0
0
12
0
7
21
27
0
72
53
54
87
95
109
76
121
76
127
162
121
112
135
221
211
139
173
248
412
224
327
232
416
262
426
448
619
381
491
476
514
571
517
589
543
556
615
578
656
635
707
735
777
799
867
896
883
1014
988
951
1009
1034
1105
1112
1028
1119
1198
1412
1793
1974
2415
2956
2798
1559
1270
1523
2466
1390
1212
1843
987
1406
1283
1111
1051
1093
739
585
529
523
355
257
180
78
43
0
318
0
0
0
30
0
0
19
0
16
20
35
0
83
42
49
103
89
109
64
105
69
118
160
115
107
143
224
221
140
179
290
429
204
388
222
408
235
399
494
700
435
499
485
553
608
518
559
518
606
655
581
640
699
722
728
774
824
865
945
958
1053
1089
1002
1131
1136
1045
1024
1032
1109
1239
1376
1957
2027
2363
3117
2808
1571
1213
1586
2565
1375
1267
1909
971
1509
1293
1123
1127
1037
756
587
583
593
362
240
193
96
48
0
352
0
0
0
35
0
0
24
0
16
18
26
0
67
49
63
100
87
107
44
95
78
100
177
129
99
122
236
210
128
178
303
498
218
392
220
491
208
509
528
787
490
574
532
594
630
549
623
594
599
681
638
683
685
763
750
799
888
871
976
926
975
1052
1022
1092
1078
1084
1023
1032
1078
1179
1401
1990
2059
2405
3022
2821
1543
1227
1640
2516
1435
1228
1940
1052
1521
1380
1075
1123
1037
768
574
588
500
383
234
193
80
59
0
400
0
0
0
44
0
0
16
0
17
18
25
0
63
38
32
59
64
83
44
77
48
84
182
85
111
119
224
215
123
167
322
473
206
435
208
491
252
538
547
855
524
590
574
652
690
604
667
673
628
686
642
655
624
710
758
763
826
828
909
928
938
971
1029
1017
1030
1078
986
1098
1152
1296
1377
2026
2033
2424
3075
2812
1647
1270
1624
2552
1381
1255
1871
1049
1535
1304
1113
1157
1077
762
581
579
529
370
261
191
94
59
0
433
0
0
0
45
0
0
19
0
14
17
25
0
53
45
40
72
65
72
36
82
49
84
171
104
96
138
242
230
113
178
347
511
191
435
223
485
226
523
621
951
603
661
604
686
744
632
720
684
704
709
676
702
730
733
735
812
811
842
901
934
932
960
995
1005
1000
1035
993
1043
1122
1286
1378
2068
2071
2432
3010
2913
1615
1169
1601
2528
1385
1225
1963
1021
1554
1339
1083
1229
1098
760
579
556
577
383
241
234
101
46
0
475
0
0
0
48
0
0
15
0
7
11
22
0
51
22
34
56
41
62
40
75
54
83
190
109
104
145
256
243
137
185
342
542
206
454
234
544
231
609
642
1050
626
705
648
755
757
631
774
678
662
735
709
681
692
747
795
778
834
842
891
894
904
1005
990
961
1066
1019
1024
1026
1066
1217
1337
2150
2023
2410
3007
2833
1669
1277
1613
2529
1483
1337
1952
1030
1622
1442
1140
1160
1164
730
628
643
554
378
259
209
97
44
0
500
0
0
0
35
0
0
22
0
12
19
18
0
41
22
34
46
47
46
29
82
57
71
211
113
108
150
284
274
122
204
372
586
229
483
200
581
228
688
670
1158
621
774
712
817
846
682
777
788
756
793
727
719
716
782
710
758
844
864
844
870
889
951
981
1003
979
1020
1044
1067
1042
1115
1357
2059
2048
2350
3042
2737
1584
1192
1590
2553
1367
1248
1920
1099
1507
1374
1111
1191
1109
745
585
576
578
418
287
201
91
42
0
548
0
0
0
60
0
0
17
0
18
8
29
0
51
33
38
67
61
54
37
80
43
89
211
122
104
168
299
285
134
197
410
647
212
518
241
577
236
725
778
1293
707
890
798
888
896
720
777
801
786
874
763
779
784
834
775
756
844
824
910
870
903
969
950
1053
1000
992
976
962
1063
1135
1324
2219
2106
2283
2855
2797
1528
1195
1597
2565
1297
1267
1832
1050
1541
1347
1098
1160
1081
759
610
643
525
396
285
200
114
40
0
565
0
0
0
64
0
0
18
0
20
19
22
0
48
23
35
68
53
66
41
68
44
86
262
113
113
171
324
304
131
206
366
687
180
551
221
622
269
824
843
1512
843
951
802
900
933
807
828
806
822
904
856
782
771
813
783
786
807
851
846
830
877
922
895
1001
942
990
891
930
1033
1111
1283
2204
2023
2391
2887
2682
1586
1170
1626
2393
1333
1247
1810
999
1580
1381
1108
1131
1071
733
587
574
554
396
268
207
104
50
0
638
0
0
0
76
0
0
28
0
12
13
14
0
36
24
32
38
44
50
31
68
34
74
234
111
92
158
296
302
115
195
413
583
228
575
239
564
221
823
888
1629
846
1005
871
1035
1049
810
925
832
865
837
790
792
780
830
776
809
858
838
848
876
841
909
955
915
968
976
937
894
965
1011
1176
2147
2041
2241
2837
2458
1492
1090
1465
2378
1376
1201
1842
1020
1475
1338
1067
1134
1098
739
604
651
504
392
242
193
101
57
0
632
0
0
0
61
0
0
21
0
13
15
22
0
44
25
23
44
48
58
26
57
41
87
243
140
106
159
318
336
123
230
367
605
200
601
252
585
254
910
932
1819
915
1056
953
1062
1009
879
962
913
923
942
843
824
759
805
773
768
794
759
832
871
834
852
849
929
865
898
874
901
937
1069
1213
2140
1999
2141
2607
2546
1433
1101
1486
2333
1266
1183
1820
1016
1434
1281
1063
1113
1036
686
567
559
562
373
254
173
100
42
0
639
0
0
0
59
0
0
30
0
15
12
18
0
50
27
28
37
38
51
39
51
37
91
283
130
110
179
341
350
131
223
376
522
229
603
252
585
296
975
936
1980
902
1132
1020
1169
1162
958
1002
996
928
946
874
847
782
843
778
765
744
746
813
841
752
847
835
868
856
878
837
888
970
960
1122
2250
1938
2156
2694
2519
1454
1051
1344
2246
1264
1129
1716
961
1467
1246
1004
1048
997
763
537
576
506
373
223
233
82
45
0
645
0
0
0
79
0
0
19
0
15
14
15
0
30
16
23
36
27
46
29
58
35
83
285
112
100
173
325
367
116
231
334
484
216
632
249
487
268
1138
981
2193
988
1184
1059
1227
1162
969
1095
988
948
978
904
839
821
801
765
778
787
756
775
735
753
782
793
878
817
869
857
854
899
883
1072
2291
1835
2088
2496
2329
1384
1004
1408
2253
1210
1128
1678
930
1457
1214
1019
1066
1011
654
545
569
560
365
248
220
100
39
0
595
0
0
0
87
0
0
30
0
20
12
20
0
44
22
17
55
45
55
39
46
50
76
285
134
83
164
301
335
106
243
326
405
212
586
239
452
254
1185
1008
2305
1025
1177
1165
1319
1273
1042
1094
1045
1016
1035
916
885
818
796
750
740
740
772
813
765
761
787
755
787
762
823
793
778
845
897
997
2206
1863
1941
2359
2264
1325
972
1311
2078
1227
1043
1579
893
1339
1201
969
1021
962
659
541
531
493
334
251
182
75
38
0
582
0
0
0
47
0
0
31
0
13
14
20
0
45
24
25
34
31
44
35
59
44
81
290
137
84
170
318
359
129
220
312
357
210
540
260
366
282
1299
982
2469
1076
1322
1187
1316
1257
1116
1068
1091
1000
1029
860
861
807
819
795
775
761
721
704
739
656
744
719
746
751
790
727
790
831
860
914
2226
1769
1873
2329
2149
1293
968
1258
2078
1108
1024
1554
865
1265
1133
942
1067
915
691
528
527
492
327
225
192
95
44
0
524
0
0
0
52
0
0
22
0
11
8
14
0
29
16
18
19
28
32
22
37
22
68
256
99
76
153
298
327
99
203
275
338
204
502
234
307
246
1365
1027
2542
1134
1262
1211
1325
1234
1087
1148
1025
1053
985
929
913
822
808
717
719
749
729
705
664
654
699
684
749
661
677
659
684
730
710
807
2175
1613
1837
2018
2055
1157
850
1186
1870
1061
954
1458
839
1184
990
847
915
875
631
462
549
463
316
212
176
96
40
0
459
0
0
0
47
0
0
12
0
10
9
13
0
36
16
10
23
33
42
34
40
30
80
243
116
67
131
259
328
113
181
241
305
180
448
212
288
237
1461
1007
2645
1148
1262
1173
1408
1267
1096
1088
1047
994
988
874
799
815
805
705
710
699
689
684
645
669
681
646
652
662
632
660
644
689
661
767
2051
1590
1639
1929
1952
1186
789
1112
1775
957
916
1372
701
1085
972
850
829
868
598
422
438
402
286
211
192
79
35
0
430
0
0
0
34
0
0
21
0
18
12
12
0
37
15
22
35
28
38
24
50
27
55
243
111
70
130
266
304
93
177
243
272
162
394
183
273
231
1457
974
2847
1126
1220
1123
1464
1232
1100
1117
1105
997
982
919
821
855
746
674
720
669
648
647
612
564
657
587
635
564
613
557
604
615
591
743
2042
1471
1549
1844
1820
1008
681
1047
1618
874
803
1289
698
1032
888
703
833
769
522
437
408
409
287
180
171
64
39
0
375
0
0
0
38
0
0
17
0
4
19
9
0
30
20
28
25
22
34
22
31
43
77
262
95
87
154
249
298
110
188
223
266
174
380
208
282
217
1526
965
2779
1116
1225
1218
1397
1280
1128
1113
1108
994
975
890
833
783
772
724
666
680
651
575
575
546
584
536
574
522
567
574
549
580
563
655
1988
1435
1489
1672
1659
978
665
958
1558
870
777
1205
636
980
935
728
769
732
525
412
411
414
293
207
147
81
40
0
319
0
0
0
35
0
0
26
0
12
18
19
0
29
20
19
29
23
22
31
39
30
56
174
79
72
142
229
264
92
199
220
254
158
349
190
250
199
1530
939
2817
1117
1307
1179
1414
1276
1053
1132
1073
997
977
897
818
737
678
648
611
601
587
548
555
510
514
496
533
468
509
515
507
558
498
590
1966
1309
1359
1544
1536
869
642
904
1492
851
735
1174
633
961
849
670
727
726
503
412
405
366
288
200
151
62
38
0
367
0
0
0
27
0
0
16
0
13
6
10
0
21
17
11
31
26
29
14
36
34
55
186
72
68
140
250
225
86
175
201
224
152
268
173
249
207
1650
978
2898
1139
1236
1186
1407
1225
1128
1088
1137
1039
1036
893
784
750
678
610
601
576
566
565
518
507
545
480
490
454
465
459
460
521
473
555
2015
1248
1245
1411
1375
828
583
831
1354
734
647
1031
609
839
764
622
701
628
447
401
379
366
232
172
159
74
43
0
314
0
0
0
21
0
0
13
0
12
11
11
0
25
14
5
27
29
32
24
37
23
54
180
68
65
131
238
239
82
175
173
234
134
250
158
217
190
1669
922
2907
1222
1266
1146
1357
1159
1086
1136
1197
1034
965
896
834
754
716
654
646
586
569
587
500
439
484
449
467
467
440
460
447
441
421
481
1929
1251
1199
1341
1375
761
502
761
1354
689
609
1047
533
841
743
568
679
610
454
373
382
346
261
159
139
64
27
0
333
0
0
0
18
0
0
9
0
11
14
12
0
27
15
14
24
29
35
18
32
17
56
159
61
81
118
220
242
81
162
188
212
159
263
174
201
167
1660
968
2887
1175
1224
1211
1374
1186
1075
1088
1126
1049
1008
871
801
769
677
656
589
613
570
544
499
486
442
402
449
401
393
367
391
470
399
469
1930
1226
1072
1259
1270
745
504
674
1244
652
598
941
485
758
720
571
642
597
441
339
320
316
229
155
130
73
38
0
371
0
0
0
17
0
0
10
0
5
11
7
0
17
12
14
18
22
25
18
35
30
41
154
69
48
124
212
200
64
153
192
194
126
262
169
208
172
1655
893
2798
1100
1196
1249
1394
1131
1038
1071
1112
1025
1049
896
816
823
713
629
557
537
544
534
473
421
440
373
428
364
392
373
387
398
357
415
1843
1091
1058
1159
1228
764
500
707
1163
607
527
930
522
696
673
570
571
577
391
324
313
266
229
168
139
63
29
0
347
0
0
0
18
0
0
12
0
8
6
14
0
23
14
12
29
24
28
19
23
27
49
124
57
66
136
227
217
80
131
211
204
136
247
135
209
164
1608
838
2789
1041
1210
1123
1271
1063
1028
1074
1109
1001
948
911
839
804
736
614
534
552
535
487
499
407
423
389
415
351
348
332
359
420
337
355
1814
1073
976
1125
1228
658
431
685
1123
591
568
880
479
714
663
526
572
609
412
293
319
318
227
140
140
72
45
0
361
0
0
0
13
0
0
10
0
5
10
12
0
25
16
12
23
30
26
17
31
14
50
110
49
61
124
226
203
62
155
175
195
140
270
165
207
154
1609
866
2700
1057
1168
1183
1292
1091
963
1052
1005
932
873
856
769
734
669
573
531
511
534
460
477
419
413
347
368
335
343
332
326
370
320
384
1812
1010
948
1054
1156
661
460
653
1129
573
513
832
453
712
633
548
553
589
359
295
313
303
222
174
142
58
31
0
356
0
0
0
13
0
0
8
0
8
3
7
0
23
13
14
25
25
19
16
26
19
41
96
34
57
110
193
179
67
131
165
173
124
238
116
185
127
1467
832
2519
979
1070
1060
1230
1070
952
1055
1044
938
943
848
740
749
710
561
537
522
503
468
465
429
402
329
370
300
329
283
314
335
256
331
1771
979
843
962
974
549
365
595
970
549
471
750
391
631
539
475
522
513
359
291
266
264
196
127
127
66
29
0
319
0
0
0
19
0
0
9
0
6
6
11
0
13
9
11
16
17
29
7
37
18
33
76
52
49
123
223
205
65
110
179
192
115
236
127
174
103
1343
784
2284
947
1083
1063
1193
1002
853
1032
1058
946
868
895
763
742
676
586
523
513
530
496
470
395
355
311
318
299
327
262
276
305
281
288
1773
975
822
926
960
572
370
591
932
515
441
688
358
630
560
431
524
477
341
289
258
264
199
148
116
59
22
0
335
0
0
0
18
0
0
11
0
5
7
9
0
23
14
12
19
20
25
17
27
12
42
81
45
55
128
199
194
63
102
164
187
107
241
115
169
115
1213
691
2092
843
935
1049
1182
856
792
931
1054
905
853
828
768
684
572
513
498
507
469
460
455
411
361
305
315
287
313
266
280
287
249
253
1589
958
801
865
932
565
365
507
926
494
413
742
352
559
529
471
513
476
331
239
240
265
185
126
104
71
40
0
410
0
0
0
17
0
0
11
0
2
8
4
0
16
8
13
27
15
21
16
23
18
33
82
31
53
129
219
180
66
94
184
170
98
217
131
165
128
1001
535
1725
775
851
842
982
712
652
743
758
786
678
649
587
543
523
445
447
456
414
406
342
302
276
242
265
245
288
243
240
276
222
268
1363
779
776
841
897
525
346
520
892
488
426
723
403
533
512
441
516
528
359
272
293
300
214
155
111
53
33
0
404
0
0
0
14
0
0
9
0
5
6
3
0
22
15
10
22
19
28
15
33
14
35
72
37
44
130
190
197
81
69
170
161
106
234
107
158
99
826
516
1294
629
656
682
781
523
483
555
581
553
502
479
417
470
442
364
356
303
356
344
282
280
267
255
234
241
234
238
219
240
242
284
1055
671
664
832
860
516
340
492
903
498
440
712
393
618
593
466
506
526
356
276
275
280
199
164
137
55
39
0
313
0
0
0
13
0
0
15
0
6
9
5
0
9
7
4
22
21
21
25
16
21
42
58
28
52
90
176
128
62
81
146
152
80
175
98
147
116
699
390
919
481
570
625
601
468
435
495
530
472
471
413
372
366
384
298
317
340
285
319
304
263
260
232
231
227
225
244
211
271
225
280
958
644
694
866
890
581
425
546
1022
539
468
775
423
672
577
475
578
491
398
295
327
294
209
135
164
81
43
0
302
0
0
0
14
0
0
8
0
4
7
8
0
15
13
8
20
23
23
18
28
12
43
56
37
62
113
167
142
68
83
146
153
97
191
87
140
100
523
325
740
447
498
538
563
420
413
446
470
449
395
346
316
327
367
276
290
301
256
259
289
263
248
221
191
220
235
201
221
240
229
267
794
641
602
825
806
520
324
486
817
474
396
663
389
557
502
431
472
473
361
272
275
282
212
144
146
85
45
0
341
0
0
0
22
0
0
11
0
12
4
11
0
20
11
12
29
22
24
15
20
14
39
50
32
53
125
187
167
60
74
153
136
101
192
93
139
105
388
299
672
398
419
501
519
377
382
412
442
393
394
316
284
300
309
277
276
277
236
292
283
262
234
231
248
200
210
211
207
222
218
264
836
574
644
756
836
479
319
512
847
488
400
688
419
616
532
446
512
450
374
295
272
304
216
168
155
74
47
0
375
0
0
0
36
0
0
14
0
10
7
11
0
26
15
20
23
25
25
11
30
14
43
42
30
59
128
168
160
76
75
150
150
96
220
96
133
84
384
291
708
440
480
487
469
376
375
392
375
381
366
308
282
291
296
240
262
244
231
257
238
257
238
200
227
236
233
191
205
212
214
246
767
547
604
741
827
487
363
482
875
475
413
719
366
614
549
468
493
496
370
280
315
311
234
167
133
102
47
0
375
0
0
0
24
0
0
14
0
9
4
11
0
22
11
7
31
14
29
24
23
23
39
32
35
55
126
169
123
74
72
132
112
84
189
91
110
78
395
256
642
401
435
471
455
363
377
377
351
382
396
280
240
234
291
210
216
207
195
242
236
214
237
189
201
176
190
176
176
197
198
248
689
491
531
682
759
418
303
422
753
440
382
630
353
542
437
410
477
485
326
296
286
254
210
124
136
63
33
0
314
0
0
0
16
0
0
14
0
7
15
7
0
22
12
15
29
19
38
25
32
16
38
34
30
57
129
139
128
65
73
121
121
75
161
105
113
78
374
299
726
410
373
440
427
398
402
356
356
334
400
305
262
272
269
192
234
200
203
234
244
249
213
221
218
196
206
186
187
227
202
244
675
506
511
704
724
443
318
429
734
416
411
611
307
546
442
425
446
477
345
267
283
294
217
160
129
75
42
0
260
0
0
0
18
0
0
12
0
11
9
13
0
29
16
11
19
20
19
18
34
20
37
40
29
40
85
102
114
59
63
103
99
67
133
95
108
76
406
307
694
439
405
484
461
396
388
374
357
375
393
288
290
307
287
220
193
184
211
213
233
225
236
195
199
158
175
181
170
178
197
223
642
487
489
626
667
409
299
418
720
396
359
625
331
545
452
404
448
453
315
212
244
305
221
141
147
67
47
0
174
0
0
0
13
0
0
13
0
13
6
11
0
28
14
14
21
14
26
14
17
14
35
23
17
37
59
95
75
53
56
67
86
51
107
84
89
69
406
354
644
451
465
517
445
389
401
359
406
345
378
243
262
314
295
255
204
185
194
228
224
203
207
184
193
181
172
184
203
194
169
195
688
457
483
630
679
375
306
419
671
400
369
636
332
492
470
403
446
441
336
274
295
252
197
153
122
73
39
0
215
0
0
0
15
0
0
13
0
4
7
8
0
17
7
14
19
22
29
15
25
9
32
19
23
26
76
102
74
47
65
95
96
80
128
84
111
70
429
304
640
420
413
497
473
394
410
389
415
371
343
277
310
289
312
241
204
192
153
202
179
203
186
185
193
189
157
160
158
173
152
191
700
435
466
536
648
360
282
362
634
370
317
567
298
486
398
321
400
390
308
249
244
244
182
142
158
53
31
0
182
0
0
0
19
0
0
17
0
6
8
14
0
23
12
16
27
20
28
17
29
20
28
35
39
58
67
81
111
50
80
95
108
82
133
99
104
86
474
349
689
467
511
537
453
459
483
381
409
399
372
306
294
266
318
262
214
199
176
204
206
189
228
174
198
201
187
161
162
185
149
194
672
508
451
550
657
388
256
366
654
345
329
586
315
481
451
382
435
428
306
267
259
269
242
143
143
91
33
0
137
0
0
0
21
0
0
25
0
4
10
7
0
22
15
18
23
23
20
17
40
24
37
30
34
36
71
106
103
67
57
79
94
83
91
94
85
64
480
330
701
445
431
529
494
430
511
406
371
378
385
307
315
268
334
239
240
180
161
170
171
167
202
198
178
187
161
136
170
194
158
197
685
452
435
530
601
362
262
366
623
383
337
524
301
516
471
354
411
428
300
264
241
265
208
161
128
72
43
0
193
0
0
0
21
0
0
12
0
18
9
8
0
19
15
12
31
22
27
22
30
11
28
22
31
37
56
89
99
60
53
105
104
75
128
115
139
92
532
384
656
423
487
577
525
446
512
399
369
404
423
312
299
297
362
231
215
205
187
195
163
142
192
166
208
166
148
164
175
201
198
214
681
454
437
563
670
405
292
390
708
433
390
631
343
538
501
418
459
481
352
287
289
317
235
171
170
103
41
0
182
0
0
0
31
0
0
20
0
15
6
13
0
29
21
24
22
17
25
25
39
31
49
43
38
40
72
113
89
70
54
109
123
85
122
135
116
104
596
414
666
452
483
541
534
417
513
468
423
410
415
294
260
281
317
232
249
209
160
187
195
160
190
168
206
165
192
175
195
206
181
226
653
439
474
614
668
417
307
423
669
465
370
621
365
555
501
463
516
514
398
269
333
306
269
177
150
92
36
0
143
0
0
0
12
0
0
14
0
18
10
9
0
17
11
21
38
25
19
24
38
24
44
32
38
40
57
84
62
63
65
84
106
89
119
114
128
95
582
418
655
425
506
514
502
416
460
463
375
355
366
276
214
230
289
204
206
192
193
170
158
170
164
160
182
196
197
174
212
212
222
229
583
441
474
667
669
404
307
443
729
457
400
649
404
642
539
464
545
477
427
309
309
307
244
187
166
85
44
0
137
0
0
0
30
0
0
17
0
10
4
9
0
24
16
9
30
11
23
30
48
21
39
30
31
33
58
84
70
50
64
79
101
85
93
122
90
98
539
405
664
395
477
491
419
379
447
413
344
356
373
267
241
251
253
154
205
170
179
175
152
158
150
143
151
139
152
147
158
161
155
171
548
411
346
567
559
359
272
354
582
368
318
617
317
471
457
410
460
477
333
290
296
292
246
156
146
77
36
0
169
0
0
0
18
0
0
12
0
4
9
10
0
22
10
8
22
16
18
24
47
23
56
50
61
58
87
118
84
69
76
92
119
106
128
150
127
103
549
376
686
394
420
516
536
400
399
371
292
362
390
303
205
211
277
158
170
195
146
158
132
150
157
120
127
158
138
123
119
147
129
162
467
306
311
438
487
304
214
280
512
297
271
457
283
415
347
304
370
383
277
239
241
237
202
133
136
69
31
0
197
0
0
0
29
0
0
14
0
16
11
13
0
24
19
28
48
31
39
30
48
36
65
41
51
72
107
121
127
86
105
132
117
86
155
133
130
106
542
382
567
386
388
434
450
359
362
339
296
317
304
189
166
159
235
146
122
147
117
128
115
116
123
105
114
113
130
118
132
140
132
141
389
309
283
383
461
253
186
262
447
297
289
410
272
395
365
284
340
317
261
200
231
235
160
122
125
73
34
1
145
0
0
0
34
0
0
19
0
9
7
7
0
20
19
10
26
26
24
21
36
20
36
29
39
42
58
78
78
60
73
91
113
94
126
155
146
97
565
380
607
372
379
421
520
392
376
350
245
301
317
213
183
152
249
162
158
138
146
159
128
109
122
119
126
113
131
105
146
132
146
165
397
299
286
371
458
267
203
299
457
288
260
456
228
406
375
285
353
360
282
205
213
231
165
120
119
84
43
0
116
0
0
0
30
0
0
15
0
13
13
14
0
18
23
15
36
17
21
22
41
25
38
24
37
43
44
90
95
58
66
86
106
94
90
177
122
85
620
413
648
385
352
401
514
438
392
313
198
266
287
186
204
157
212
154
146
156
141
137
146
140
145
135
123
128
113
122
137
148
128
174
338
293
290
410
464
281
231
272
535
292
276
516
252
429
367
336
345
394
287
220
237
241
210
135
120
70
33
0
103
0
0
0
37
0
0
24
0
14
11
9
0
33
22
18
35
15
24
19
54
22
46
34
44
32
47
68
72
58
64
85
116
90
105
178
143
80
678
451
586
326
334
422
480
386
365
307
179
247
265
159
171
139
183
109
103
130
100
107
87
71
103
79
79
80
93
96
104
122
119
144
294
229
244
328
409
235
174
199
413
257
219
390
229
346
354
283
286
299
244
193
225
193
166
123
123
58
29
0
122
0
0
0
37
0
0
26
0
17
7
17
0
27
20
23
39
20
39
29
61
28
59
32
49
41
46
82
93
61
79
76
95
108
105
231
139
122
661
435
574
420
392
418
479
429
435
358
195
271
269
165
138
141
179
92
112
112
111
132
113
109
125
130
106
119
111
106
105
123
145
171
273
207
268
391
424
256
205
251
488
267
258
466
269
413
374
307
363
342
272
242
239
217
203
152
128
70
55
0
100
0
0
0
42
0
0
23
0
18
16
17
0
36
28
26
42
32
30
21
57
21
72
32
48
37
61
103
103
68
75
84
101
93
127
216
145
97
688
446
560
381
376
401
424
353
433
355
173
258
255
144
138
134
181
87
88
101
94
130
104
116
114
90
110
85
119
87
97
103
142
154
221
199
235
335
371
215
209
221
425
273
226
395
214
360
325
286
299
320
258
192
208
184
161
114
114
63
24
0
100
0
0
0
35
0
0
25
0
15
11
17
0
34
22
18
37
21
28
36
55
21
54
28
41
52
59
100
77
60
69
69
122
101
105
219
124
85
644
404
479
330
311
336
463
351
415
350
189
272
244
132
130
121
173
109
88
101
71
105
91
106
121
92
83
64
73
83
88
104
109
127
203
162
213
294
307
170
146
189
379
209
205
331
183
297
300
223
257
286
245
185
210
188
141
88
91
54
23
0
116
0
0
0
41
0
0
23
0
22
22
23
0
50
31
31
36
33
35
31
52
30
61
60
63
55
61
105
91
71
79
100
106
119
113
225
127
112
594
396
395
319
303
334
486
386
431
381
172
305
280
122
119
105
163
78
72
76
88
92
117
117
136
112
137
86
84
88
99
122
138
139
175
204
243
349
391
249
198
243
400
256
203
380
226
350
331
261
304
298
229
176
218
202
139
128
109
62
31
0
126
0
0
0
42
0
0
34
0
19
13
20
0
45
37
40
61
35
38
35
94
34
84
56
84
66
90
125
102
98
105
120
141
146
158
245
138
140
608
397
323
331
345
321
587
495
512
431
214
341
316
114
125
129
192
89
78
91
79
121
90
135
135
91
107
105
81
93
93
111
123
143
190
182
237
316
325
245
164
223
453
246
223
385
228
352
340
277
317
317
248
202
202
221
161
140
115
51
34
0
106
0
0
0
39
0
0
30
0
13
13
13
0
45
21
31
43
25
30
33
57
26
57
45
68
60
74
118
173
103
100
95
146
143
115
296
145
135
651
402
355
320
308
303
590
471
465
421
212
336
280
97
118
100
144
65
53
86
62
96
93
120
130
128
122
102
101
101
126
108
139
154
193
184
229
359
349
221
185
238
388
254
276
373
213
339
321
295
287
325
245
209
196
213
183
127
106
65
30
0
141
0
0
0
50
0
0
35
0
28
28
26
0
47
35
39
73
39
56
44
95
52
112
77
78
84
103
140
158
117
104
133
163
186
158
289
178
151
658
411
347
343
374
308
587
502
508
425
229
366
337
120
130
126
182
96
70
104
81
126
98
99
122
132
128
119
106
132
124
141
161
153
216
228
248
397
423
252
166
243
479
279
251
413
239
368
363
312
319
378
271
238
237
228
205
126
120
91
29
0
149
0
0
0
43
0
0
48
0
13
18
30
0
55
35
41
63
26
49
43
76
23
109
72
97
90
97
175
164
103
133
123
185
167
144
252
169
137
740
440
407
354
352
330
615
561
449
433
208
356
360
103
134
126
205
67
77
85
62
96
97
100
135
144
118
104
100
105
118
145
121
158
215
197
231
335
371
225
173
241
433
268
270
415
246
343
373
288
339
338
260
246
230
230
166
116
111
69
31
0
182
0
0
0
68
0
0
40
0
18
21
21
0
61
31
45
83
43
43
51
90
39
130
78
114
111
112
202
224
129
150
165
200
204
174
353
225
203
814
494
388
402
377
434
685
728
562
503
241
394
389
130
147
121
216
94
72
86
69
122
96
123
118
117
142
137
118
140
139
139
142
166
205
200
263
350
381
234
176
226
443
310
226
398
210
387
349
296
327
355
279
252
264
229
195
143
118
63
47
0
182
0
0
0
67
0
0
50
0
24
30
29
0
71
47
51
72
53
57
54
98
49
114
85
128
99
118
205
242
147
151
183
222
207
213
334
219
204
775
473
413
451
457
447
720
664
578
496
291
378
344
134
164
131
229
106
84
106
79
154
85
112
142
123
158
154
145
153
157
177
203
169
203
235
260
416
443
238
209
271
486
318
236
446
258
430
343
319
351
368
291
237
271
233
157
134
128
85
34
0
151
0
0
0
69
0
0
40
0
21
24
21
0
66
31
35
58
43
57
43
93
39
105
68
87
87
100
205
170
125
121
158
209
168
177
283
194
177
631
362
313
392
364
317
621
486
462
432
239
342
318
126
147
124
218
98
91
102
79
131
88
99
145
143
162
148
151
164
152
186
185
183
236
257
312
411
470
268
240
275
481
305
270
510
258
460
397
346
375
398
317
238
254
209
184
160
137
75
39
0
156
0
0
0
56
0
0
32
0
26
12
22
0
55
33
41
58
40
40
53
78
30
108
57
86
70
92
218
192
120
127
135
187
153
157
265
166
149
572
349
311
352
365
309
533
485
419
443
208
299
281
115
152
102
191
91
82
110
93
137
85
101
87
116
153
131
138
149
151
148
167
158
223
209
271
387
424
249
175
246
443
301
264
390
260
414
399
329
376
338
267
242
233
253
180
114
106
84
41
0
118
0
0
0
42
0
0
23
0
19
16
12
0
35
25
27
47
32
39
34
64
28
73
56
51
63
74
223
188
92
105
117
215
123
163
249
178
131
544
274
296
321
324
252
461
388
383
381
206
291
236
89
158
89
152
82
78
100
79
120
73
88
94
118
124
141
133
119
142
121
135
132
193
224
233
343
361
212
173
214
365
225
219
355
227
341
296
233
282
290
227
192
219
191
143
121
98
46
28
0
130
0
0
0
46
0
0
36
0
30
14
18
0
59
19
28
38
26
37
41
55
31
76
51
63
66
96
242
201
98
103
116
243
140
161
256
165
128
560
269
303
320
294
263
550
495
387
376
200
279
230
101
131
120
189
88
72
89
70
113
72
82
95
106
122
135
157
134
149
141
158
154
192
195
242
351
417
218
185
204
407
244
211
363
217
303
314
239
246
279
243
199
185
192
132
126
106
56
40
0
141
0
0
0
44
0
0
30
0
24
14
19
0
33
30
32
47
31
31
32
61
28
72
34
42
55
61
281
133
79
86
114
206
111
154
222
160
109
496
242
245
287
251
284
510
437
375
373
207
271
248
96
123
109
188
74
89
78
74
129
75
77
90
89
120
120
167
153
139
133
160
163
169
189
239
371
373
239
198
245
399
255
250
371
239
357
325
273
320
283
262
205
214
224
162
136
100
66
32
0
185
0
0
0
51
0
0
27
0
25
25
31
0
33
33
36
48
40
36
48
64
36
69
48
70
73
72
307
224
89
91
126
252
128
144
217
185
110
548
250
253
288
305
230
495
506
364
400
223
325
308
121
121
121
234
80
78
83
71
138
53
88
76
90
95
124
128
137
136
138
165
145
165
184
254
363
371
218
174
201
362
241
216
367
213
340
293
252
320
313
217
217
206
204
174
128
81
65
25
0
160
0
0
0
55
0
0
40
0
26
37
21
0
48
30
29
50
30
37
34
52
37
66
53
58
60
77
383
211
93
91
143
283
121
184
201
177
98
508
215
200
252
318
253
437
406
364
356
223
316
291
114
120
102
212
74
83
88
76
131
89
74
59
53
95
93
132
123
144
136
160
132
153
182
262
325
313
209
160
205
390
240
199
377
199
319
290
233
256
254
227
204
181
173
158
92
100
73
22
0
252
0
0
0
62
0
0
33
0
32
25
22
0
51
26
27
52
28
35
23
57
26
52
52
53
53
78
439
81
82
98
144
311
113
229
207
210
127
462
255
228
289
357
237
441
454
394
427
264
283
287
175
156
106
200
105
97
104
88
139
81
96
83
98
96
101
129
132
164
173
182
184
196
210
256
409
402
246
185
225
438
268
237
400
237
347
322
264
325
334
274
221
235
194
169
134
113
61
33
0
255
0
0
0
85
0
0
44
0
38
32
35
0
58
42
39
59
49
62
53
76
49
106
64
79
82
104
595
214
120
136
193
421
166
268
239
269
153
528
310
279
362
406
318
594
560
477
557
321
426
401
164
164
142
232
116
116
139
98
174
101
110
116
115
134
124
160
171
183
182
190
220
235
275
331
463
495
302
212
292
527
341
298
496
281
418
432
323
365
423
301
264
269
253
208
153
117
82
31
0
173
0
0
0
57
0
0
31
0
16
17
22
0
36
27
31
45
35
41
43
62
49
74
59
64
59
78
576
128
102
114
129
433
140
255
187
259
131
410
232
238
309
308
212
474
359
351
430
202
304
278
98
136
117
201
105
80
94
84
129
90
92
111
92
73
103
131
161
169
167
193
178
195
207
331
460
477
251
216
270
463
317
264
418
246
356
334
266
326
338
235
217
212
207
173
118
116
64
28
0
60
0
0
0
20
0
0
13
0
12
5
4
0
13
7
11
13
9
17
11
15
15
18
21
20
17
20
536
25
40
37
58
299
37
153
69
121
42
120
63
54
63
83
49
52
69
43
81
46
50
54
31
33
26
77
21
24
21
32
45
28
33
29
24
34
31
39
46
43
49
47
50
50
68
97
137
125
79
55
72
146
94
65
130
70
93
98
89
114
93
85
73
72
54
57
35
30
13
7
0
46
0
0
0
13
0
0
7
0
8
6
6
0
5
5
3
9
9
10
9
9
8
13
12
15
19
23
569
14
26
18
69
317
22
143
34
108
27
99
56
40
38
61
33
25
66
28
53
41
26
63
28
34
28
65
22
32
35
18
24
21
33
40
16
28
25
27
35
45
31
43
71
39
54
75
101
122
79
62
72
125
65
54
123
65
81
91
90
81
78
76
57
69
57
39
35
31
13
13
0
52
0
0
0
13
0
0
4
0
4
3
1
0
6
3
4
4
7
8
5
11
6
12
9
10
10
11
615
19
25
27
68
352
18
121
39
124
24
88
41
27
35
56
33
30
46
20
50
29
32
40
37
31
17
56
21
19
25
19
35
24
27
24
18
26
34
26
24
27
25
41
29
47
51
51
74
81
42
37
46
78
53
44
69
48
75
71
53
61
67
57
49
41
43
34
27
25
17
6
0
62
0
0
0
20
0
0
12
0
10
9
7
0
14
7
8
13
6
9
8
19
8
15
16
17
18
29
687
23
30
30
78
376
43
187
36
137
35
80
63
26
29
37
27
36
35
34
36
32
31
42
27
28
21
49
23
19
31
22
33
29
24
30
22
31
26
25
22
22
19
39
31
45
46
47
79
88
52
43
54
85
45
53
72
43
64
72
58
67
65
56
44
53
51
35
35
26
13
8
0
60
0
0
0
14
0
0
12
0
8
9
7
0
13
6
7
16
10
13
8
17
9
16
17
11
21
21
788
19
22
21
82
440
26
184
26
131
28
89
58
35
48
35
30
41
57
27
28
32
32
57
38
26
31
63
26
23
34
21
36
20
25
38
40
36
26
34
30
39
46
54
72
62
52
74
127
129
71
58
83
123
79
77
109
73
115
92
103
82
92
79
74
73
59
66
34
46
18
9
0
73
0
0
0
16
0
0
10
0
7
10
7
0
13
9
7
13
9
20
11
13
12
19
14
11
22
30
840
34
34
38
88
466
31
212
38
158
36
113
79
38
62
71
71
54
63
45
56
61
48
62
34
54
36
73
34
26
48
26
41
29
19
33
27
33
37
35
27
36
42
47
57
72
62
72
121
134
67
64
71
133
68
82
134
72
116
106
86
104
115
83
81
67
82
61
50
36
23
10
0
99
0
0
0
25
0
0
17
0
13
12
6
0
19
8
16
17
14
24
12
31
20
37
29
30
43
34
962
55
53
52
106
492
68
218
64
205
39
152
98
52
88
93
88
66
115
47
76
72
62
78
37
63
29
74
25
40
47
35
59
33
35
49
28
41
31
38
38
35
48
40
61
85
81
84
118
149
80
63
93
147
81
79
142
80
121
119
83
96
124
86
79
76
74
57
37
33
26
12
0
89
0
0
0
19
0
0
8
0
5
6
5
0
12
5
7
12
6
17
10
15
11
21
25
19
15
21
915
22
32
29
107
526
26
236
28
181
25
98
53
32
55
67
28
40
96
28
49
43
25
46
29
51
26
65
25
21
35
24
35
24
23
36
24
35
21
51
17
12
31
24
41
35
43
62
66
74
56
34
50
91
31
35
90
45
77
56
41
60
75
43
45
48
47
30
18
25
11
8
0
57
0
0
0
22
0
0
9
0
10
9
6
0
14
9
7
9
11
19
10
16
16
13
18
19
22
22
921
29
31
20
82
533
45
222
32
153
29
101
66
40
50
43
30
24
45
20
31
28
24
32
14
40
22
58
24
16
18
10
35
25
17
28
25
20
20
30
12
23
16
23
27
31
27
45
67
84
40
40
45
74
41
36
61
45
60
60
49
49
60
41
36
27
40
27
17
16
6
11
0
60
0
0
0
14
0
0
11
0
8
6
5
0
10
4
3
7
8
14
13
16
12
13
19
19
17
29
927
18
29
25
86
489
34
195
20
174
26
76
47
30
50
49
20
18
52
17
35
32
10
29
18
25
17
39
24
25
17
13
35
9
14
19
23
22
14
14
18
14
10
9
19
16
31
18
32
37
11
12
27
44
32
22
24
22
27
37
24
23
21
19
14
16
14
14
7
8
4
0
0
45
0
0
0
3
0
0
0
0
0
0
0
0
0
0
0
0
1
1
0
3
1
0
1
1
1
2
731
2
2
2
55
406
5
165
3
129
2
44
34
12
15
23
7
11
33
7
9
22
6
17
10
10
12
29
6
8
9
8
15
7
7
15
2
8
6
9
5
7
6
1
8
5
7
5
7
5
3
3
4
9
1
3
5
6
11
8
3
4
2
4
1
2
2
4
3
8
2
1
0
32
0
0
0
2
0
0
1
0
0
0
0
0
0
0
0
0
0
1
1
0
1
2
1
2
3
2
574
0
4
0
32
297
2
132
3
77
2
26
23
11
7
12
2
12
15
7
13
6
9
14
12
10
12
27
7
2
6
4
11
3
7
12
6
9
3
5
4
7
4
1
5
0
29
7
10
11
6
9
5
9
9
5
9
3
4
10
10
12
12
12
11
9
7
9
6
1
1
4
0
28
0
0
0
0
0
0
0
0
0
0
0
0
0
0
1
0
0
0
0
0
0
0
0
0
2
1
405
0
0
2
38
192
1
90
1
38
0
18
12
3
8
4
1
2
5
3
2
4
2
8
1
3
2
18
1
3
3
3
14
4
2
6
0
5
2
5
0
3
1
2
0
1
2
6
7
7
2
1
3
5
4
3
8
1
5
4
5
3
4
3
6
2
6
3
4
0
2
0
0
10
0
0
0
0
0
0
0
0
0
0
0
0
0
0
0
0
0
0
0
0
0
0
0
0
0
0
235
1
0
0
17
92
0
50
2
38
0
6
8
4
3
4
1
4
6
1
1
3
1
1
0
0
0
20
1
0
0
1
7
1
0
4
1
4
2
2
3
2
1
2
1
0
0
1
1
1
2
1
1
0
1
1
1
1
0
0
1
0
1
1
0
0
0
0
0
0
0
0
0
2
0
0
0
0
0
0
0
0
0
0
0
0
0
0
0
0
0
0
0
0
0
0
0
0
0
0
56
0
0
0
2
36
0
11
0
7
0
5
1
0
2
0
0
0
2
0
1
0
0
0
1
0
0
6
1
0
0
0
6
0
0
4
0
4
3
1
2
1
1
0
1
2
1
0
1
0
0
2
0
0
0
0
0
1
0
0
0
0
0
0
0
0
0
0
0
0
0
0
0
0
0
0
0
0
0
0
0
0
0
0
0
0
0
0
0
0
0
0
0
0
0
0
0
0
0
0
5
0
0
0
0
5
0
1
0
2
0
0
0
0
0
0
0
0
0
0
0
0
0
0
0
0
0
1
0
0
1
0
7
0
1
0
0
1
0
0
0
0
0
0
0
0
0
1
0
0
0
0
0
0
0
0
0
0
0
0
0
0
1
0
0
0
0
0
0
0
0
0
0
0
0
0
0
0
0
0
0
0
0
0
0
0
0
0
0
0
0
0
0
0
0
0
0
0
0
0
0
0
0
0
0
0
0
0
0
0
0
0
0
0
0
0
0
0
0
0
0
0
0
0
0
0
0
0
0
0
0
0
0
0
0
0
0
0
0
0
0
0
0
0
0
0
0
0
0
0
0
0
0
0
0
0
0
0
0
0
0
0
0
0
0
0
0
0
0
0
0
0
0